506:7024,4936,5525,7590,
762:8689,9154,9157,9153,9904,5205,5206,8688,6127,5975,6059,6058,9168,9201,9169,9167,4409,6289,6061,6062,6063,7013,7011,9094,9095,
763:8689,9108,9107,9904,9131,5205,5206,8688,9119,9118,9110,9112,9115,9114,9117,9113,9116,5975,9086,9085,9120,9128,6288,6284,6282,6283,9109,6562,9132,7012,7013,9129,9130,
760:8689,9193,9194,6239,9102,6275,6276,6473,9904,5205,5206,8688,9328,9329,9321,9105,9322,9323,5975,9149,6262,6263,6462,6463,6289,9332,9101,9143,3965,9318,9333,6063,7012,7013,7011,9317,9096,9097,
761:9733,9732,9735,9734,9737,9736,9739,9738,9904,8944,9021,8644,8643,2119,2112,2113,2114,2115,9064,8745,9744,9745,9740,9741,9742,9743,8761,8760,8127,8125,8124,8107,8639,8742,2121,2120,2122,
766:9525,9192,7238,4784,4780,3935,3934,3930,3933,3932,9904,5475,5472,5512,7541,4989,6079,8256,5975,9843,9842,4931,4932,9181,9189,5602,4897,3926,3927,3928,3940,3943,3967,9314,6587,5946,5943,9216,
764:9192,9199,7238,4784,4780,3934,9904,5512,7541,7799,7794,8668,7803,8256,5975,4931,4932,9181,9189,8514,8515,8513,4897,3940,3967,7872,7873,9314,6587,9299,9213,9216,
765:3915,3919,9730,9904,3878,3877,9728,9729,3922,3920,3924,3929,
133:5848,9966,9771,5249,9922,8078,8077,4788,4785,7736,7585,9984,9983,9980,7363,7000,8257,8430,8436,7402,9869,9868,5854,9746,9188,9977,9979,9978,3906,3909,4794,8328,9919,7709,8343,8361,6970,8383,7685,7682,8447,8443,9291,7338,8013,7371,7377,7376,7374,8428,5776,6582,6585,9870,3887,
137:7188,7189,7187,7216,7149,7142,7143,6738,6088,6084,6082,6083,6081,7168,7169,7166,7167,7165,5823,5824,5829,3936,7101,7107,7129,7120,5419,4001,6311,7088,7068,5476,5473,6536,3490,7231,5915,5910,5913,5912,6605,6736,6842,6846,4104,5950,8573,7199,7198,7193,7192,7191,7158,7157,7156,7150,7171,7170,7138,7130,7137,7136,7097,7091,5445,6563,7052,7056,7057,7054,7055,5469,8617,8616,5484,5909,6615,6614,6851,7627,9879,6635,
136:9751,6451,3648,6712,6711,5031,5551,6557,5188,5517,6640,5125,6599,5314,3526,3527,3525,8064,5025,5541,5197,5506,5929,5081,5323,6634,7276,
24:5847,5846,5845,5844,5843,5842,5841,5840,5849,5848,5865,5864,5866,5863,5862,5387,5388,4789,9488,6713,8924,9138,6295,6294,6337,8171,6570,4538,4539,4534,4535,4512,4513,4510,4511,4517,5284,3873,4087,3846,7586,3854,6596,3898,3899,3892,3562,3563,8004,5854,5855,5856,5857,5851,5853,5858,4537,3902,5397,5396,5395,4790,5836,5837,5834,5835,5833,5838,5839,8898,8897,4536,6915,8910,4916,4917,8955,8950,8959,4526,4523,4522,4521,8202,9610,8172,9622,8449,9487,4529,4528,4527,4525,4524,7838,7839,7830,7834,7836,7837,9609,9608,6502,3808,3805,3807,3806,4505,4507,4506,4503,4509,4508,7315,7036,9379,9373,4979,4548,4541,4540,4543,4542,4544,5300,3885,5329,7035,7037,
25:5869,5868,5867,5801,5800,7690,8417,8416,4558,4559,4557,8554,5870,5871,7977,6592,7689,4501,4500,4502,7812,7810,7811,4560,4497,4496,4495,4499,4498,7270,7642,7641,
26:5825,4468,4479,4478,4471,4470,4473,4472,4475,4474,4477,4476,5883,5882,5881,5880,5887,5886,5885,5889,5888,9462,9469,9468,8114,8115,5899,6688,6685,6686,6687,6649,6644,4484,4485,4486,4487,4480,4481,4482,4483,4488,4489,4285,5872,5873,5876,5877,5874,5875,5878,5879,6709,4469,4466,4467,4464,4465,4462,4463,4460,4461,5890,5892,5894,5895,5896,5897,5898,9470,9471,6308,6361,9480,8141,8140,8113,5902,5900,5901,6380,8795,4138,4133,4134,4135,4136,4137,4494,4493,4492,4491,4490,
27:7493,7490,5248,5247,8663,7489,4792,5465,7319,7318,7317,7316,6060,6020,6021,7250,
20:8840,8841,8038,5269,5268,6751,6756,4882,4885,4886,9928,9925,9926,9927,5011,5012,5013,6278,5039,5037,5599,6296,4841,5780,5781,5782,5783,6339,8023,7869,5407,6140,7067,9027,6980,5498,8473,4577,4578,4579,9009,6951,9029,9028,5740,5741,5742,5744,5745,5746,5749,5103,5684,9049,9048,9041,9040,9045,5768,5769,5766,5767,5764,5762,5763,5760,5761,9061,9063,9062,7403,6629,7954,8552,8553,8022,8021,8026,8024,8852,5240,7974,5239,5797,8978,8979,8972,8973,8974,8975,8976,8977,6483,6953,8360,6976,6977,6979,4039,4038,5193,7537,7053,9355,5466,8466,8464,8465,9011,9605,9607,9606,9032,9033,9034,9035,9039,5737,5739,5738,5697,9057,5752,5750,5757,5754,5759,5758,5940,9077,5779,5778,5771,5772,5774,7410,7414,6610,7626,6007,9274,5095,5157,6833,9015,9010,
697:2302,9946,4727,4210,4909,4908,8851,8850,9931,3868,
22:5827,5826,5829,4046,4047,4048,6296,8900,7124,7125,7122,7123,7121,6311,7088,4026,4027,3992,3991,3990,7062,7061,7540,5936,5935,5934,5931,5127,7583,6073,6078,6864,6607,5950,5954,6010,6401,7097,7094,4019,4018,3989,5426,7072,5298,5467,5466,5922,8617,8616,5484,7010,5753,5114,4112,5778,6614,6852,6635,
23:6218,8136,6184,7965,7281,9452,7770,8636,7759,8138,8134,8137,8130,8132,5789,9440,8112,8111,8116,5551,5552,6491,6490,8177,8204,8179,8205,6575,6143,6141,8110,8115,4966,4965,4964,4963,4962,4961,4960,8279,6668,6663,6667,8196,8576,8211,8210,8212,8173,8178,7881,8500,8493,8492,8491,8490,8497,8496,8495,8494,8499,8498,5990,6226,6225,6766,6765,6761,8163,8161,8165,8185,8184,8181,8180,8183,8182,7764,7766,7767,7760,7761,7762,7763,7768,7769,9395,6142,6707,9140,8159,8156,8154,8155,8153,8151,8128,8126,8123,8342,8341,8109,8108,8157,6308,6307,6301,6302,5529,6152,8208,8203,8201,8174,4836,9438,9439,8147,8149,8145,8282,8280,8281,8113,4977,6385,6384,4958,4959,4956,4957,4954,4955,6026,4914,4913,8209,7892,7277,8489,
740:7281,9452,7759,5789,9440,6575,6668,6663,6667,8576,7881,8163,8161,8165,7764,7760,7761,7762,7763,9395,9140,8159,8156,8154,8155,8153,8151,8157,4836,9438,9439,8147,112112,8149,8145,6385,6384,7892,
698:6790,8017,8541,7458,7459,4847,7942,7936,8543,8542,7931,7932,7934,7928,4846,8532,8533,8534,8535,8536,5287,4571,8660,8661,8662,5128,5129,7584,3732,5140,8538,8539,7923,8069,7919,7916,5219,8913,7933,7938,7944,7940,7941,8540,3785,6505,7786,8213,5138,5136,5135,5134,5133,5132,5131,5130,8659,5324,8771,7926,7921,
699:5613,5614,7777,7776,7775,7774,5593,7291,4845,6370,6371,6372,8947,9349,9289,9285,9284,9287,9286,9281,9280,9283,9282,6983,6981,6980,4926,8985,8986,4571,4575,8660,8662,6664,5688,5687,5686,5681,5682,4690,4921,4920,4924,4928,9200,7950,8008,4280,9951,8069,8067,4922,4791,7978,8932,8933,4927,4925,5219,6703,5893,8368,6976,6977,6979,6699,6343,6345,6344,9352,9358,3786,4991,6505,7314,7311,7312,7785,8213,9351,9350,9288,5132,5131,5130,4302,8659,9076,9079,7413,3706,6850,9275,9276,9277,9278,9279,8822,
28:8293,8296,6239,9102,8312,6916,9155,6271,6270,6273,6272,6275,6274,6276,9105,8294,8297,6266,6264,6265,6262,6263,8304,8308,6917,8322,9104,9103,9101,8307,8306,8305,8303,8302,8301,9316,8324,8323,9096,9097,
29:8291,8290,8292,6770,7960,8313,9151,9150,9153,9152,9159,9158,8392,5537,5937,7589,5970,5955,5956,5959,8555,7957,9164,9165,9166,9160,9161,9162,9163,4409,8314,8315,8316,8317,5542,7071,8286,8287,8285,8288,8289,6061,6062,6063,5968,5969,5960,5962,5963,5964,5965,5966,5967,
407:6794,6792,6798,8035,5802,4043,5030,4066,4067,5417,6316,3998,3997,3996,3994,3992,3991,3990,6968,8451,5281,5931,5930,6607,5951,5954,8817,8816,8815,8814,8811,8810,8819,8818,6800,6745,6742,7487,7486,7480,7488,3614,5029,5023,5022,5024,4079,7094,7092,7093,3988,3989,3984,3985,3986,3987,3983,5425,7010,6892,8799,5944,5942,5949,8804,8800,8802,8808,8809,5099,7479,6639,6638,8820,8821,
819:8549,8012,8011,8010,8840,8544,8357,8583,6553,7083,7082,7085,7084,7087,8176,7026,6398,6397,6886,6887,6885,6888,6889,6955,6600,8550,7266,8020,8346,8345,8344,7078,7079,7077,8631,3866,3865,3864,6068,6891,6890,6893,6895,6894,6897,8607,
405:8019,7456,7457,5051,8034,8031,8030,8033,8039,5380,8053,8051,6730,5227,5225,6339,5436,6129,5453,6140,5514,6167,5498,5744,5108,6864,8040,8042,8043,9043,9042,9044,5379,5378,7382,7404,7403,6628,6627,9083,9082,9081,8839,5994,5996,9249,5045,5044,5043,5042,8041,8044,6400,5394,5239,6727,6726,6725,6729,5007,5009,5008,7288,8979,8972,5405,5400,6130,6134,6487,5509,5293,5466,5483,7370,7439,7416,7418,6618,8825,
404:6778,6730,4857,4856,5229,8969,8968,5455,5457,9024,9025,9026,9023,9022,5109,7401,6628,6627,6624,6625,6622,6623,6620,6621,9081,7672,6783,6784,6722,6729,6728,4858,6457,7875,4031,4030,4032,5507,5505,5699,6619,
4:7666,5266,5269,5268,6753,6755,6735,5229,5224,7298,5783,8969,8968,5510,8987,8983,8982,8989,8988,5493,5938,9005,9003,5121,5918,8045,7466,7672,5274,5275,5276,5277,5270,5271,5272,5273,5279,6768,8046,8047,5230,5231,5232,5233,6721,5005,2024,6708,8970,8971,6584,6972,7537,6690,8998,8990,8997,9016,9011,9584,9031,8999,9050,7434,7435,7433,5116,5777,6583,5157,9015,9010,
810:8840,2018,3499,8976,
811:4720,8840,8129,8131,8133,9888,3818,9886,8431,8432,9594,9593,9592,4108,8578,4718,4719,8002,9397,8976,9894,9890,9891,9898,3822,3820,7999,8427,8429,5179,8003,
812:8840,9967,7237,7239,6277,6471,6484,6935,8581,8582,6555,6495,6961,6960,7236,7234,7235,8438,6736,6840,6844,6845,7243,7242,7241,7240,7268,7261,7969,6404,6268,6269,6465,6918,8326,6936,8655,4111,7257,8803,7621,7620,9273,6836,6835,6834,6839,6838,
813:6793,6791,7210,7211,7212,7213,7214,7215,7216,7217,8840,6774,9967,7237,7101,7107,8589,8588,5476,5473,5478,9309,6395,7236,7234,7235,5916,5910,5913,6840,4105,4109,7400,7221,7229,7198,7193,7192,7191,7195,7194,7203,7202,7201,7200,7222,6402,6403,8598,8590,7097,7099,7874,6563,5921,5922,5489,5484,5480,5909,5114,4110,4111,7005,7004,8803,9273,6836,6839,6838,
814:8840,8523,8883,4009,3535,8477,8439,9598,4678,9573,9572,9571,9570,9575,9574,8896,8895,8894,8893,8892,8891,8890,8976,6135,8367,4839,4838,8425,
815:7182,7183,7184,8840,9967,7232,9198,7101,7107,8589,8588,8584,8586,8594,5476,5473,5478,8603,8298,5939,6840,7630,7631,4109,5958,7400,7247,7246,7245,7244,7249,7248,7193,7192,7191,7197,7196,7195,7194,8604,7227,8602,6267,8300,7177,7176,8325,7292,8598,8599,8595,8592,8593,8590,8591,7099,6153,6154,6156,6158,6563,9995,5921,5922,5489,5484,5909,8600,8601,8605,5114,4110,7627,9197,6839,6838,
409:2301,2300,6259,8887,3644,3643,3642,9489,9488,5597,7973,8681,4452,6578,6579,6969,9491,9493,9360,8669,5720,5972,5971,9202,8187,8186,9182,9492,3902,3652,9399,9490,9495,9496,9497,7917,6919,4916,4917,4915,6365,9487,9996,7038,9379,9375,4979,4974,4975,4976,4977,4973,8740,8794,8321,
408:6794,6795,6792,6798,5861,8860,6752,6754,9139,4453,5413,4024,3995,3993,7066,5286,4943,4942,6609,7469,8859,8858,8853,8857,8856,8855,8854,5394,7975,7976,7706,7095,5445,5293,8618,5486,4092,4090,5944,5948,5302,6615,6614,6581,7470,7471,7472,7473,7474,9136,
719:7452,4210,7045,7044,7047,7046,7041,7040,7043,7042,7049,7048,7363,6970,7685,7683,7682,7050,7051,7313,7039,7372,7371,7377,7376,7375,7374,6582,6585,
718:7679,4210,6949,6948,6510,6512,6641,6642,6596,7678,7853,7856,7854,7855,7680,7031,7034,7036,7032,7033,7037,
717:3519,3518,3513,3512,3511,3517,3516,3515,3514,7664,9250,9560,9561,9562,9563,9564,9565,7962,4210,3968,3969,3971,3970,3973,3972,3975,3976,7793,4691,4901,4903,9861,9860,9866,3522,3523,3520,3521,9498,9494,4826,5543,9621,9620,4902,7788,9852,9853,9854,9855,9856,9858,9859,4646,4647,7647,7646,7648,
716:3939,4210,7798,2130,2131,2132,2133,9849,3897,4909,4908,9864,8851,8850,8879,8878,2134,2135,4895,4907,4826,9614,4993,3869,3868,2129,2128,9850,9851,4910,4911,
715:8291,8290,8292,6770,8313,9159,4210,5533,5537,5536,5535,5534,4825,5971,5970,5959,9201,9162,9163,8314,8315,8316,4826,8317,3962,3961,5546,5547,5544,5545,4833,4832,4817,4818,7071,4835,4834,8286,8287,8285,8288,8289,5969,5962,5963,5964,5965,5966,
714:9522,9523,9524,9520,9521,4210,3897,4908,4904,8851,8850,9515,9517,9516,9519,9518,8879,8878,4895,4907,4826,3869,3868,4910,4911,8327,
713:8293,8296,9193,9194,6239,9102,8312,6271,6270,6273,6272,6275,6274,6276,4210,9320,9321,9326,9327,5533,5537,5536,5535,5534,4825,9105,8294,8297,9322,9323,6266,6264,6265,6262,6263,8304,8308,4826,9332,8322,9101,3962,3961,5542,5546,5547,5544,5545,9319,9318,8307,8306,8305,8303,4833,8302,4832,8301,4817,4818,9333,4835,4834,6063,9317,8324,8323,9096,9097,
712:9193,9194,4196,4197,4195,9102,6275,6276,6473,6470,4210,9328,9329,9321,5533,5537,5536,5535,5534,4825,9105,9322,9323,9234,9235,5971,9149,6262,6468,6469,6462,6463,6466,6467,4826,9332,9100,9101,9143,3965,3962,3961,5546,5547,5544,5545,9318,4833,4832,4817,4818,9333,4835,4834,6063,9233,9317,9098,9099,9096,9097,
711:7454,7455,7453,7949,7679,8318,8319,8682,8355,4210,6949,6948,6510,6512,9582,7635,7953,7951,7678,6971,7945,7947,7852,7856,7681,7680,6502,8460,8461,7034,9137,7377,8671,8321,8320,
710:5615,9771,4788,4785,7736,4210,7043,4163,8257,8430,8436,9869,9868,9746,9747,4794,4793,7709,8361,6970,8383,8447,8443,9291,8013,4158,8428,6582,9870,
122:6750,5808,6086,6087,4042,4049,5591,5592,8900,7128,7126,7127,5414,5413,7089,4025,3994,5478,8455,6167,5498,5495,5932,6648,5745,6606,5951,7403,6249,6401,4051,4050,7112,7111,7110,7097,7092,7093,7090,7099,4019,4018,3988,3985,3986,3987,7074,7075,7076,7073,7053,5922,8617,8616,5489,5484,5753,5114,5945,5942,5949,7625,
125:9965,5075,5384,5386,8330,3953,3952,3951,3950,8111,9464,9461,9463,8390,8391,9984,9983,9980,6687,8081,9977,9979,9978,3948,3949,3944,3946,3947,8329,8328,8108,7871,6308,6305,6304,6306,6301,6303,8389,8388,8387,8386,8385,8384,5006,5717,5301,6632,
126:9965,5073,5075,5384,5386,8330,3953,3952,3951,3950,6928,6924,6927,6923,6922,8391,6925,6926,9984,9983,9980,6687,4352,8081,8275,8272,8271,8270,6190,6192,9977,9979,9978,5061,5062,3948,3949,3944,3946,3947,8329,8328,6934,5006,6171,8269,8823,
127:7492,7493,7490,7491,7508,7509,7549,7562,7563,7560,7561,6030,7489,7879,7559,7558,7553,7552,7551,7550,7556,7555,7554,6028,6029,6020,6021,6022,6023,6024,6025,6027,
2:8018,8017,8541,7458,7459,4849,4847,7936,4880,4881,4882,4883,4884,4885,4886,8543,8542,7934,4857,4856,4855,4854,8635,4851,4850,5038,5032,5033,4846,5785,5787,5579,8532,8533,8534,8535,4868,4869,8536,4862,4863,4860,4861,4866,4867,4864,4865,7869,9005,9004,8660,8661,8662,5128,5129,5124,5120,6669,6666,5109,5102,5103,5100,5101,5106,5107,5104,5105,5164,5165,5166,6620,5146,5147,5144,5142,5143,5089,5088,5087,8538,8539,8531,8068,7918,6594,7916,5219,5021,5020,8913,4859,4858,4853,4852,5799,7938,7944,7940,7941,7943,4875,4874,4877,4876,4871,4870,4873,4872,4879,4878,5421,8540,6974,8634,8213,8999,6657,6656,6655,5138,5137,5136,5135,5134,5133,5132,5131,5130,9050,8659,5115,5111,5110,5113,5119,5086,5084,5098,5090,5091,5092,5093,5094,5095,5096,5097,7924,7922,7920,
69:5054,5053,6755,6680,6353,7542,5938,7361,7362,5918,6070,7342,7343,7341,8255,7356,6841,6037,6036,6035,7388,7389,9069,9068,7409,7408,4714,4715,4716,4717,6011,6013,6012,6014,9266,5257,5275,5276,5277,4693,4692,4695,4694,6242,5252,5253,5251,5256,5259,5001,7723,7724,7334,7335,7339,6690,6389,7355,7357,7359,7358,5941,9074,9075,9073,9071,6583,7399,7398,6837,
696:5861,8860,9139,4063,4453,4024,3995,3993,4943,4942,7469,8859,8858,8853,8857,8856,8855,8854,7484,7706,4092,4090,7470,7471,7472,7473,7474,9136,
59:9254,9549,8636,4084,8579,9514,9513,9551,
55:8527,6258,6257,6256,6255,6254,7712,9653,9651,7003,4310,4311,4308,9847,9643,7883,7885,7884,7269,7670,7671,6973,7286,7703,6954,6986,4307,4309,7607,7271,7274,
54:8010,9502,9503,9501,9506,9507,9504,9505,6250,7025,3956,3955,8372,8371,4022,4020,4021,6396,6886,6887,6885,8020,7207,7206,6220,6244,6245,6246,7708,8346,8345,4012,4011,4017,3981,3982,6890,6893,6044,6857,7625,7624,
57:6184,6182,6231,7770,5825,9482,9481,9486,6299,6298,6297,6293,6292,6291,6290,8118,8111,5884,9465,9464,9467,9466,9463,9469,9468,8390,6685,6686,7543,7564,7565,7563,7569,7580,7346,7347,7344,7345,7348,7349,6056,7639,8001,5872,6761,7765,7767,7768,7769,4799,4891,6592,6707,5564,8122,5891,9472,9473,9470,9471,8108,7871,6305,6304,6307,6306,6300,6303,6152,8389,8388,8387,8386,8385,8384,7530,9485,8140,5717,7570,7577,7579,7578,6043,6048,7351,7350,7353,7352,7354,6632,
56:9258,9259,9177,9176,9175,9174,9173,9172,9108,9107,6279,9131,6109,6103,6102,6101,9119,9118,9111,9110,9112,9115,9114,9117,9113,9116,6551,5282,7369,9086,9085,5625,9180,9179,9178,4401,4402,5641,5640,5643,5642,6461,6099,6098,6097,9120,9121,9122,9123,9124,9125,9126,9127,9128,6288,6289,6284,6285,6286,6282,6283,6110,6111,9109,9311,6562,9132,7815,9129,6287,6281,6586,9130,5630,
51:6187,6183,6181,6188,6235,6234,6237,6236,6233,6232,5000,4354,4356,4353,8838,8835,8834,8837,8836,7768,5065,5064,5066,5068,8122,8120,4321,4320,4323,4322,4324,
50:6231,6230,8866,8864,8865,8863,5070,5071,8117,5182,6146,4350,4351,4330,5872,5873,6194,6195,6227,6228,6229,5069,6151,8141,8140,4349,5902,4329,4328,4325,4327,4326,
52:9256,9257,9199,8508,6589,4765,4767,4766,5570,9300,7699,9306,7796,7800,6863,7618,8512,8510,8511,9229,9228,9225,4929,6843,9312,9205,9204,9207,9206,9203,9209,8005,4930,4735,9227,9226,9224,9223,9240,9243,9242,4750,4751,4752,4753,9184,9183,9189,8514,8515,6593,4798,3940,5568,5569,5565,5566,5567,5563,7935,6139,9314,6588,8233,7998,7997,4994,3488,7591,9230,4119,9238,9239,9218,9219,9212,9210,9211,9217,9215,9236,9237,7258,
414:5618,5619,5616,5617,6730,5459,5451,5453,5511,5513,5288,5493,6645,7427,7426,7425,7424,7423,7422,7421,7420,7429,7428,6626,5331,5623,5622,5621,5996,5663,5231,5232,5237,6727,6726,6725,6729,7857,5449,5509,5504,5502,5290,5487,5483,5138,7434,7435,7436,7437,7430,7431,7432,7433,7438,5305,7412,7416,7417,7415,7418,7419,6636,
19:6777,5677,5678,9449,9448,9445,9447,9446,9444,9443,9442,9441,5433,7504,7505,7503,5455,7526,9403,9402,9401,9400,9407,9409,9408,9429,9428,9421,9420,9423,9422,9425,9424,9427,9426,5708,5709,5704,5705,5706,5707,5701,5702,5703,7568,5728,5729,5726,5727,5725,6645,6646,6626,8214,8217,8216,6723,9405,9404,9450,4912,7511,7510,9434,9410,9411,9412,9413,9414,9415,9416,9417,9418,9419,5508,9436,9437,9435,9433,9430,8467,8469,7392,5719,5718,5712,5711,5710,7571,7573,7572,8215,5735,5734,5736,5731,5730,5733,5732,5697,5698,7623,6636,
410:9964,6412,7730,5551,5552,6120,6122,4391,4392,4393,6374,7728,7729,7726,7727,6119,5529,4938,7277,
411:8849,8844,8845,8847,5610,5611,5058,5056,8867,5078,5079,5077,8075,8829,7845,7380,7405,4674,4673,4671,4670,8831,8830,8832,5999,4672,5561,9611,7337,4675,5112,4669,7251,8826,8828,
412:4624,5670,5387,5659,5656,5651,3645,5181,3789,5470,6514,3791,3790,3793,3792,8665,8089,7380,4712,7463,7462,4282,4637,4636,4635,4638,5816,5660,5667,5669,5397,5582,5581,5561,6913,7337,7336,5292,5291,7838,7834,6348,3787,6501,5485,3788,8094,8093,8091,8090,5304,6008,5329,4642,
860:7454,7455,7452,7453,9779,9778,9775,9774,9776,9771,9773,9772,7679,8318,8319,4727,4788,7736,6949,6948,6510,6512,7043,4163,7363,9582,8257,8430,8436,9746,9747,7678,4794,4793,4899,7709,6971,8361,6970,8383,7852,7856,7685,7683,7682,7681,7680,8447,8443,7313,7034,8013,7372,7371,7377,7376,7375,7374,8428,6582,6585,8320,
825:7454,7455,7453,2303,2302,9946,7679,8318,8319,6949,6948,6510,6512,9582,5768,4909,4908,3506,7678,8851,8850,8879,8878,4899,4896,4895,9498,4907,9932,9931,6971,7852,7681,7680,9359,4900,3868,4910,4911,8320,
64:5382,5383,5806,6906,6331,6576,6577,8620,8621,8622,9982,9980,5700,5497,7807,7808,8419,8418,7008,7000,5161,5162,5163,5167,7381,7384,9066,7464,9971,9970,9979,9978,5798,6329,6328,8106,5527,8441,6998,8619,7379,7378,7373,6658,6654,5159,7275,
821:6689,2164,7045,7044,7047,7046,7041,7040,7043,7042,7049,7048,9308,4163,8436,9299,7050,7051,7039,6582,
419:7665,8034,8037,8036,8031,8030,8033,8032,8052,8050,7931,8071,8070,8073,8072,8074,8076,5227,5225,8339,7299,7733,5577,5576,5575,5574,5573,5572,5437,5435,5184,5185,7845,7840,5287,7302,7303,7300,7301,7304,7305,8084,8086,8087,8088,6881,7587,7308,5108,7617,6848,5330,6204,8028,8029,8021,8026,8027,8025,8048,8049,5399,5580,5217,7700,8340,5400,6130,8054,5522,5299,5294,7315,7310,7814,7306,7309,5300,6580,5327,5325,
776:4251,4250,4655,4654,4657,4656,4651,4650,4653,4652,4659,4658,8704,6421,6422,9179,5640,4661,4248,4249,9272,4660,4648,4649,5638,5634,5635,5636,5637,5631,5632,5633,
739:9383,9389,8332,8333,4590,4591,5783,5579,8454,8458,8472,4312,4313,4314,4315,4316,8433,5371,5372,5167,5168,4100,8577,4266,8446,7534,7533,7532,4093,4095,4094,8421,7594,9051,9052,4306,4305,4304,5158,9015,
146:5383,6906,6331,5579,5539,6571,6576,6577,7329,5519,5499,5496,5497,7029,7028,6076,6074,5168,7381,7384,5798,6329,5540,8106,8101,8103,7331,5500,6568,7330,7379,7378,7373,8097,8096,8095,7333,7332,9871,7030,
795:4194,8923,8922,6518,6515,6516,6517,4167,4169,4168,4574,8662,6789,8069,7978,6500,4174,4175,4170,4171,4172,4173,9270,3724,
199:2308,7237,7239,6277,6471,6484,6935,8581,8582,6555,6495,3837,3838,3839,6961,6960,7236,7235,7231,8438,6840,6844,6845,7243,7242,7241,7240,5850,5852,7268,7261,6767,7969,6404,6268,6269,6465,6918,8326,6936,4010,8655,4111,7257,6853,7621,7620,9877,9273,6836,6835,6834,6839,6838,
774:8523,9566,9567,8883,4009,8477,8439,9598,4678,8896,8895,8894,8893,8892,8891,8890,9916,6135,8367,4839,4838,
704:9508,9509,6252,6251,6250,8544,7025,5598,6901,6900,8376,8372,8371,4004,4005,4006,4007,4020,4021,5491,8640,8641,6220,9510,6244,6245,6246,5398,6260,7707,7708,4013,4012,4011,4016,4015,4014,8381,6899,6898,6044,6857,5326,
705:5598,7087,5491,6886,6887,6885,6888,6889,6955,6600,6891,6890,6893,6895,6894,6897,
706:8012,8011,8010,9502,9503,9501,9506,9507,9504,9505,6250,5598,6901,6900,8357,8376,8377,8378,6552,6553,7081,7080,7083,7082,7085,7084,7086,5491,6398,6399,6396,6397,8020,7207,7206,7205,7204,6246,7707,8346,8345,8344,7078,7079,7077,8631,6068,6896,6899,6898,5326,
777:4784,3935,3934,3930,3933,3932,9843,9209,8704,3926,3927,3928,7725,3943,3967,9272,
702:2035,2034,2031,2039,2038,5598,5491,2037,2036,2033,2032,
703:8549,8016,5598,8583,8176,7026,8550,7266,3862,3861,3860,3866,3865,3864,8607,
114:9383,9389,9719,9718,9717,9716,9715,9714,8454,8453,8452,3499,8080,4312,4313,4314,4315,4316,9586,9587,9589,9590,5166,5167,4101,4100,6201,9726,9727,9724,9725,9722,9723,9720,9721,8362,8444,8445,8446,8448,5904,4093,4095,4094,9585,9588,4303,4306,4305,4304,5158,
117:9522,9523,7664,9524,9520,9521,9966,9940,9561,9562,9563,9565,7962,9922,7285,3975,3976,7585,8397,9984,9983,9980,5471,7793,7009,4691,4909,4908,4901,4903,4904,9866,7449,9188,8851,8850,9977,9979,9978,9515,9517,9516,9519,9518,8879,8878,9494,9938,9919,8440,8449,7338,6999,4902,7788,9078,5775,4910,4911,8327,6997,7647,7646,7648,
116:7451,4848,8529,6908,9380,9381,9382,4783,8332,8333,8336,8337,8335,4840,8530,7867,7866,7864,7862,5454,6921,9982,9980,6513,7001,7007,6989,7008,4945,4946,5371,5372,7402,5148,4933,7441,7442,7447,7448,9971,9970,9979,9978,4893,4892,4905,4906,6933,8596,8440,4837,4348,9378,9377,4156,7599,5751,6871,
110:9966,9454,9456,9457,3914,3913,4937,9458,9459,9984,9983,9980,6596,9977,9979,9978,9938,3612,9455,6502,5775,7037,
112:8548,8038,8545,6524,8633,7952,8961,5432,6683,6684,5280,6531,6539,8470,4162,4161,4160,8649,6665,6866,5687,5681,6057,5769,5767,9267,9080,5833,8629,6547,6546,6545,6544,6543,6542,6541,6540,6549,6548,5299,5295,6504,6520,6523,4159,5907,8651,8650,8652,5752,5750,6675,6670,7414,5085,6859,8200,
775:6471,6935,8582,6960,3842,7969,6404,6465,9916,
181:8525,4841,3797,3847,5768,6850,6833,
80:6437,6436,6435,6434,6433,6432,6431,6439,6438,7961,4235,4234,4233,4232,4231,4230,4215,4214,4217,4216,4211,4210,4213,4212,4219,4218,6446,6447,6440,6120,4398,4399,4577,4578,5762,5763,5957,9180,9179,5641,5640,5643,4228,4229,4224,4225,4226,4227,4220,4221,4222,4223,6444,6441,4208,4209,6116,6113,6953,6173,4935,6445,6442,6443,5630,
81:6905,6904,6903,9193,9194,5805,7960,6412,5828,6916,8630,9670,3963,7715,7717,7716,7719,7718,5553,6121,6128,6373,9320,9321,9326,9327,9324,8949,5537,6681,4554,4553,4550,4551,9322,9323,4949,4948,8437,5956,6208,9325,3650,3651,9334,9332,6914,6917,6448,6449,7720,7721,7722,4202,4203,4206,4207,4204,4205,9103,6450,6453,6452,6454,9669,5542,9319,9318,5525,5528,9331,9330,9333,7815,6063,4952,4953,4950,4951,9317,9316,6878,
86:7450,7451,4848,9381,9382,4783,8336,8337,8335,4840,7867,6921,3812,3813,3810,3811,3814,3815,8458,6989,3499,4085,4945,4946,7632,4933,4731,4736,7448,9767,4893,4892,4905,4906,8596,4837,3809,3801,3800,3802,8468,4348,9378,9377,4156,4097,4098,7599,5751,7628,
118:6710,7861,7860,7695,7696,6988,6987,6985,6984,7804,7807,7806,7808,8411,8410,7701,6329,7859,6990,6994,6991,6993,8462,8408,8409,8407,7002,9873,6992,
84:9259,4192,4190,4191,6436,9176,9172,6479,6478,6477,6476,6475,6474,6481,5627,5626,5624,9246,9179,4189,4188,4181,4180,4183,4182,4185,4184,4187,4186,5641,5640,5643,4225,6110,4666,6480,4179,4667,4648,4649,5638,
143:7149,6088,6085,7168,7166,7167,7164,7165,5820,5822,5829,7101,7107,7129,5419,4001,6311,7088,7068,7062,7061,5476,5473,5289,5935,5934,3490,7231,5915,6605,6736,6842,6846,4104,5950,7193,7192,7191,7197,7196,5818,5819,7155,7154,7153,7150,7176,7179,7178,7117,7116,7119,7118,7292,7130,7097,7091,6153,6154,7072,5445,6563,5298,7052,8617,8616,5484,5909,6615,6614,7627,9878,7475,7476,6635,7644,
832:7180,7181,8840,7148,7149,7144,7145,7147,6085,7168,7166,7167,7165,5820,5822,5222,5220,5419,6556,5818,5819,5812,5813,5814,5815,7155,7154,7153,7152,7151,7150,7174,7173,7172,7179,7178,7117,7116,7115,7114,7119,7118,8976,7131,5821,7475,7476,
796:8012,8011,9508,9509,8537,6252,6251,8357,6552,6553,7083,7082,7085,7084,7086,6399,6955,6600,7205,7204,9510,5398,8344,4013,4016,4015,4014,6895,6897,6896,
830:5618,5619,9251,5806,5783,6331,5579,5519,5493,9005,9004,9009,9008,9047,9046,9045,7422,7421,7420,7429,4100,9060,9066,5621,5663,5231,5237,5502,5487,5481,8999,5738,9058,9059,9050,9051,9052,9054,9055,9056,7430,7431,7432,7433,9873,8825,9015,
831:8840,7140,7141,7142,7143,6732,6733,6734,6738,6084,6082,6083,6081,7169,7162,7163,7160,7161,7164,5823,5824,5222,7120,6534,6535,6077,6075,8573,5811,7159,7158,7157,7156,7171,7170,6737,7113,7290,8976,7139,7138,7133,7132,7135,7134,7137,7136,5821,
792:5618,5619,9777,9770,5019,7325,7326,7327,6987,6985,6984,5493,7806,7422,7421,7420,7429,5621,5663,5231,5237,8105,5505,5502,6567,5487,5481,4096,7430,7431,7432,7433,5082,
791:5618,5619,9777,9770,5457,6576,6577,6987,6985,5493,7422,7421,7420,7429,7381,7384,5621,5663,5231,5237,6328,5505,5502,6567,5487,5481,7379,7378,7431,7432,7433,
835:6472,9326,9327,5937,7805,7589,5971,8555,7957,9148,6485,6063,9214,
838:7180,7181,5381,7169,7165,6556,3994,6535,8573,5812,5813,5814,5815,7158,7157,7156,7174,7171,7170,7173,7172,7115,7114,7131,7092,
799:8527,5800,8632,7906,7003,7269,7443,6973,4898,7911,7286,6956,4560,6986,7604,7603,7602,7601,7271,
798:9527,4723,4722,5800,7281,9540,4725,4724,7906,7759,9533,9531,9656,9657,9658,9660,9460,6572,6575,9659,7795,6663,9539,9532,7764,7760,7761,7762,7763,4898,6090,7911,8348,9661,9290,9292,8638,4560,7892,
429:8549,8016,8525,6250,3931,4451,8583,8176,7026,6396,3841,3859,8197,8550,7266,6244,6246,5398,4013,4012,4011,4017,4014,9995,3863,3861,3860,3866,3865,3864,8607,7252,6857,7624,
3:8710,8711,8712,8714,8715,8716,8717,8718,8746,8683,8684,8689,9196,8738,8739,8736,8737,8734,8735,8732,8733,8730,8731,9921,5223,5221,7289,8699,8695,8694,8697,8696,8691,8690,8692,5200,5203,5205,5204,5207,5206,5209,5208,8688,7733,5412,5579,5431,8791,5183,5181,5186,5187,5184,5185,5189,5450,5452,8620,8621,8622,7846,7307,7305,5496,9008,3840,8413,8412,8415,6950,6952,5911,7308,6669,6662,6660,6661,6666,8782,5160,5161,5162,5163,5164,5165,5166,5167,5168,8741,8749,8748,8743,5087,8703,8702,8701,8700,8706,8705,8704,8709,8708,8729,8728,8721,8720,8723,8722,8725,8724,8727,8726,5216,5217,5214,5215,5212,5210,5211,5218,8698,8693,7700,5421,8686,8687,8685,5199,5198,5195,5194,5196,5191,5190,5192,7535,7534,7537,7536,7533,7532,5464,8619,7814,8747,5904,8744,6659,6658,6657,6656,6655,6654,6653,6652,6651,6650,7306,8790,8792,8793,8656,5111,5113,5086,5084,5172,5171,5170,5176,5175,5174,5178,5159,5158,5151,5150,5153,5152,5155,5154,5157,5156,
7:7936,6757,5249,7931,7932,7934,8076,5288,5284,5287,8082,8083,8089,5357,5356,5355,5354,5353,5352,5351,5350,5359,5358,8789,8788,8787,8786,5375,5374,5370,5373,5143,5331,5330,5333,5332,5335,5334,5337,5336,5339,5338,7933,7938,7940,8752,8449,5290,5291,5344,5345,5346,5340,5341,5342,5343,5348,5349,8091,8090,5362,5363,5360,5361,5366,5367,5364,5365,5368,5369,6679,8754,8750,8751,8753,5329,
421:4291,4292,4199,9713,9711,9710,4414,4532,8458,4518,4516,4514,3499,4145,4146,9698,9699,9696,4101,4103,4738,9708,9709,9700,9707,4200,4201,4347,4346,4114,
420:3689,3688,9713,9712,9711,9710,4418,8637,8359,8350,8354,9671,9672,9341,9342,9344,9345,9346,9347,8458,3499,3496,8259,9698,9699,9696,9697,4101,8218,3698,3699,3690,3691,3692,3693,3694,9708,9709,9700,9701,9702,9703,9704,9705,9706,9707,3678,4421,3844,8347,9340,8262,8338,8677,3700,
425:8015,4729,9756,7668,7667,9947,9948,9388,4889,4418,4417,4787,4786,6710,4450,9671,9672,4823,8458,3499,3497,3494,3492,3493,3491,7581,4317,4318,4319,7638,7636,4102,8577,4732,4733,4730,4734,9767,9577,9578,7979,4421,4822,4441,4442,4443,4444,4445,7701,8366,4383,7684,4099,3843,7478,
440:3742,3743,2180,5073,5825,2179,2166,8450,4352,2177,8276,8275,8273,8271,8270,6957,2178,8833,9768,7765,5061,5062,6709,8625,6171,8268,8265,7645,
300:3911,4590,4459,4458,3974,4530,2165,4555,4552,4944,3905,3900,4589,4588,4585,4587,4586,5443,5460,5463,5462,5468,4545,3723,3884,3881,3880,3883,3882,
301:4592,4593,4590,4591,2030,4457,4456,4459,4458,4530,4556,4555,4552,4286,4287,4589,4588,4585,4584,4587,4586,4583,4582,4266,4267,4268,4567,4566,4564,4545,
302:3531,3530,9942,9943,9941,9944,9945,6410,9804,9802,3879,3870,3871,3872,3874,3875,3876,2234,9821,9820,7633,3893,3890,3891,3896,3897,3894,3895,3508,3509,3500,3501,3502,3503,3505,3506,3507,6209,9939,9933,9932,9931,9937,9936,9935,9934,3613,4583,3804,3803,3869,3868,3487,3884,3886,3883,3882,3889,9271,
299:2308,9198,8589,8588,8584,8586,8594,8603,5939,9880,6840,7630,7631,4109,5958,7246,7249,8604,7227,8602,8300,8325,8598,8599,8595,8592,8593,8590,8591,8600,8601,8605,4110,6853,9197,9273,6839,6838,
305:9002,6410,9818,9819,9814,9815,5201,9804,9803,6319,9793,9792,9791,9790,9797,9796,9795,9794,9799,9798,9807,9805,9802,9801,9800,9832,9833,9830,9831,9836,9837,9834,9835,4080,9809,9808,9806,9825,9824,9827,9826,9821,9820,9823,9829,9828,9845,9769,7484,7483,9780,9785,9786,9787,9788,9789,9816,9817,9810,9811,9812,9813,9838,9839,5173,3886,
306:3748,3749,3746,3747,3744,3745,9673,9694,3759,3758,3751,3750,3753,3752,3755,3754,3757,3756,3760,3761,3762,3763,3764,3765,3766,3767,
444:9199,9305,4941,3566,3567,3568,3569,5830,3576,9297,3575,3577,3571,3573,3572,
109:5612,8529,8332,8333,8331,8530,6929,9982,9980,7001,7008,5743,6661,7614,7615,7616,7611,7612,7613,8433,5371,7402,5148,7441,7442,7447,9971,9970,9979,9978,7870,8440,8334,6651,8421,7595,7594,7608,7600,
445:8139,7966,7967,8636,7925,8135,2259,2258,2257,2256,2271,2270,2273,2272,7802,7958,9632,9633,9551,7980,7984,2269,2262,2263,2260,2261,2264,2265,7813,2412,2407,7893,
102:7454,7455,7453,9966,5057,9940,5249,9922,8078,8075,8077,7285,7973,9984,9983,9980,7849,5471,6510,9582,7676,7677,7674,7675,9977,9979,9978,9938,9919,8343,6971,7852,7850,7851,7681,6999,6502,7034,8671,5775,8320,6997,
103:7452,9966,5057,9940,5079,5249,9922,8078,8075,8077,7285,9984,9983,9980,7045,7044,7047,7046,7041,7040,7043,7042,7049,7048,7363,9188,9977,9979,9978,3909,9938,9919,8343,6970,7685,7683,7682,7338,7050,7051,6999,7313,7039,7372,7371,7377,7376,7375,7374,5776,6582,6585,6997,
100:2414,9674,9675,9652,9654,9655,4676,5213,9915,4668,9644,4677,7557,2413,2412,2415,
107:9244,5121,5357,5355,5353,5351,5359,6860,8788,5374,5331,5333,5335,5337,5339,5646,7968,6972,5447,6508,6506,5345,5341,5343,5348,5349,5363,5361,5367,5365,5369,6679,5115,5303,5306,7411,
21:4764,6080,8632,5794,5793,5790,9651,5685,9846,7882,7887,7886,7443,5795,5792,5791,6956,9642,4563,4562,4561,4565,7609,7606,7605,7604,7603,7602,7601,7278,
39:6336,6125,6124,6126,6121,6120,6123,6122,6128,4398,4399,4390,4391,4392,4393,4394,4395,4396,4397,4400,6118,6119,6114,6115,6116,6117,6112,6113,4389,4388,4387,4386,4385,4384,6173,
38:7908,7909,5786,5788,7694,7697,7691,7791,7809,6847,7467,6780,4408,4404,4405,4406,4407,4403,6091,6090,6093,6092,6095,6094,6096,7910,7702,7688,7901,7902,7905,7907,7643,7640,
780:6430,9175,9174,9173,4239,4238,4237,8704,6424,6425,6426,6427,6423,6428,6429,6098,4246,4247,4244,4245,4242,4243,4240,4241,9272,5634,
842:9388,4417,4592,2018,5539,6576,6577,7324,7322,7323,7329,6988,6538,7368,7364,7365,7366,7367,4085,7806,4317,4318,4319,4102,7381,7384,8577,6203,6329,6328,5540,4383,7331,7330,7379,7378,7332,
841:9388,4417,6710,4592,2018,7861,7860,7695,7696,4085,8411,8410,4317,4318,4319,4102,8577,7701,4383,7859,6990,6994,6991,6993,8462,8408,8409,8407,6992,
33:6777,7498,7499,7493,7490,7496,7497,7495,6292,6105,6104,7504,7505,7506,7507,7502,7503,7526,7524,7525,7528,7529,2158,7568,5722,5723,5721,5726,5724,5725,7344,7345,6045,7500,7501,6031,6019,6018,2155,7489,5696,7516,7515,7519,7396,7391,7390,7393,7392,5719,5718,5714,5713,5711,7571,7572,6042,6043,6040,6041,6046,6047,7352,6020,6021,7623,2156,2157,
32:6777,5579,7522,7523,7520,7521,7527,2277,2276,2279,2278,6680,6682,7542,7566,7567,7568,7361,7362,9008,5724,6880,6070,7342,7343,7341,8255,7356,5168,6039,6033,6032,6037,6036,6035,6034,7388,7389,9069,9068,6011,6013,6012,6015,6014,6017,6016,9266,6749,2280,2281,2282,7723,7724,7517,7514,7513,7512,7519,7518,7539,7535,7534,7537,7536,7531,7533,7532,7335,7393,7392,5719,2417,2416,7571,7570,7572,7575,7574,7576,7355,7357,6879,9074,9073,9071,7623,6009,7399,7398,5157,5156,
30:5982,5983,5980,5981,4887,7792,4416,4415,7758,4435,4434,4431,4430,4433,4432,7972,5575,5574,5556,7320,7321,5979,5997,5998,6762,7748,7971,8343,7858,8449,6694,4131,4132,
37:7185,7186,7148,7147,7140,7141,6732,7162,7163,7160,7161,5220,4045,7103,7106,7108,7109,5413,4000,7089,6920,7066,7060,5478,5494,5490,5491,8298,9309,6648,7230,6884,7583,5919,5917,5916,6077,6075,6072,6604,6606,8574,7229,7195,7194,7201,7200,6769,6767,5811,5815,7223,6249,7159,7152,7151,6267,7113,7139,7133,7132,7135,7134,7095,7090,7098,7099,7058,7059,6697,5921,5922,5488,5486,3489,3845,5948,9876,
36:5844,5843,5842,6451,8198,8057,8056,8055,8059,8058,7287,6712,6713,6711,6333,6338,8119,6314,6318,8171,6865,8175,8064,8062,8063,8060,8061,6909,6910,6911,6912,6132,6131,6136,6137,8202,8170,8172,8142,8673,8672,7276,
35:7961,7020,9154,9157,5221,6473,6472,5206,7018,7019,7014,7015,6127,8392,9328,9329,5537,5937,7805,7589,9146,5978,5977,5976,5975,5974,6059,6058,9168,5957,8555,7957,9169,9167,9148,9149,6462,6463,6464,9143,9147,9144,9145,3965,5542,6485,6063,7016,7017,7012,7013,7011,9094,9095,
34:7661,7660,7663,7662,7963,4412,4411,4410,6716,6714,6055,6054,6056,6051,6050,6053,6052,7651,7652,7654,7655,7656,7657,7658,7659,6704,7900,7394,6715,7653,6048,6049,6617,7898,7899,7896,7897,7895,
439:4290,9949,9384,9307,9639,8628,9368,9369,9366,9367,9364,9365,4288,4289,2020,2021,3400,9641,9640,3785,8614,8613,8612,9371,9370,9372,3769,5639,
430:7450,7451,4721,9388,4417,4413,4455,4454,9674,9675,9676,2275,2274,3499,4085,4317,4318,4319,4101,4100,4102,8577,4713,4676,4731,4736,4738,7448,6197,5213,9915,4668,8103,4383,4677,7557,4097,4099,4098,7599,4303,9873,
883:3689,3688,5806,8637,9900,8359,8350,8354,5783,6331,5579,9008,8259,9047,5161,5162,5163,5167,9060,9066,8218,3698,3699,3690,3691,3692,3693,3694,6197,3844,8103,7534,7533,7532,8262,8338,8677,3843,9058,9059,9051,9052,9056,3700,9015,
182:5596,8356,6983,6982,6981,3798,5684,9844,9185,6700,8380,5194,6699,
878:3625,7985,7986,8457,8459,4141,8236,4776,4777,4774,4775,4772,4771,4778,4779,7981,8234,7982,7983,7993,7992,6064,6067,
452:8884,8885,8880,8881,6411,4844,4843,6499,6498,8396,8947,8626,4924,3561,9269,6789,4923,7978,2268,2267,3786,3785,4992,9270,8401,4302,3706,3707,3704,3705,
453:8374,8373,8947,9289,9285,9284,9287,9286,9281,9280,9283,9282,4921,4920,9200,3710,3713,7978,9357,9288,3708,3709,3703,3706,3707,3704,3705,4919,9275,9276,9277,9278,9279,
454:4299,4298,4297,4296,8608,8609,7588,6868,6867,3773,3772,3771,3770,3777,3776,3775,3774,3779,3778,7264,9248,4289,3782,3783,3781,3784,3785,8615,8611,8610,9372,3780,8422,4300,3769,
742:9549,4144,4142,4084,4143,9514,9513,9395,9551,9557,8624,9666,112112,4150,
456:6776,6772,2148,9133,8370,3855,6764,6760,3401,3402,7996,3702,3701,9689,9688,9681,9682,9685,9684,9687,9686,6832,
60:9254,4723,4722,8868,8869,9549,8352,8627,9343,9362,9363,4986,4084,9583,9596,9591,9692,7959,9538,9632,9633,9514,9513,7956,8870,8875,8874,8876,9576,9558,9553,9552,9557,8369,9315,4091,4985,
61:9528,9529,9527,9530,8587,7868,9630,9631,6572,6574,4088,7610,9693,8575,7889,7888,9511,9512,8871,8873,8872,9559,9551,9550,9555,9554,9556,9683,9663,9662,8597,8679,7890,7891,
62:6710,7861,7860,7695,7696,9982,9980,6988,6987,5700,7804,8411,8410,7008,7000,7464,9971,9970,9979,9978,7701,7859,8441,6990,6998,6994,6991,6993,8462,8408,8409,8407,6658,6654,7002,6992,7275,
63:4595,4598,6210,4606,4604,4605,4602,4603,4600,4601,7027,4596,4597,4594,4599,9986,9985,6537,5690,6860,5689,5765,6205,6206,9976,9974,9973,9972,3615,3616,6323,6503,5692,5693,5691,5694,5695,5757,6671,6672,5178,6005,
89:6533,5382,5383,5806,5019,6906,6331,5455,6571,6576,6577,7324,7325,7326,7327,7322,7323,8620,8621,8622,6985,5497,5493,6538,7029,7028,6882,6074,5376,5161,5162,5163,7381,7384,6626,6200,5663,5798,8105,8106,6159,5505,5502,6568,6567,8619,5487,5481,7379,7378,7373,5082,5159,7030,
66:5988,5982,5983,5987,6218,6905,6184,6232,5075,7281,9452,7770,4419,5825,7759,7755,7754,7757,7756,7751,7753,7752,4431,4430,4432,8121,8138,8134,8130,8132,7739,7738,7737,5789,9440,7717,6575,6143,6141,7320,7321,8278,8277,8276,6668,6663,6667,8576,7881,8833,5991,5992,6226,6225,6766,6765,6761,8163,8161,8165,7764,7765,7766,7760,7761,7762,7763,7769,5060,9395,6142,7740,7746,7747,7744,7745,7748,7749,4422,4423,4420,4426,4427,4424,4425,6707,9140,8159,8156,8154,8155,8153,8151,8128,8126,8123,8157,5525,6152,4836,9438,9439,8147,8149,8145,6342,7750,6385,6384,7590,6026,7892,
178:6938,9199,5809,6939,4044,8680,5784,6107,6106,9305,9301,6558,6559,6941,7699,4120,6166,8242,8240,8241,8246,8247,6647,4941,8254,4123,4122,4121,6602,8239,8238,6940,4737,5859,6248,6243,6247,9393,5830,5831,6261,3670,6324,7995,7994,8235,4034,6065,6066,6067,6069,8244,8245,4118,7256,6854,
176:2301,2300,9500,5072,4978,7965,8887,7281,9452,9920,3644,3643,3642,9489,9488,9483,9484,7759,5597,5789,4452,9440,8179,7865,7863,6573,6575,6148,6969,9981,6359,9491,9493,9360,4981,4980,8669,7801,4968,8279,6668,6663,6667,4947,5683,8196,5169,7635,8576,5149,8212,7881,8500,6221,9492,6766,8163,8161,8165,7764,7760,7761,7762,7763,3902,5063,9395,9490,9495,9496,9497,6919,9140,8159,8156,8154,8155,8153,8151,6932,8342,8341,5406,4918,4916,4917,4915,9478,9479,9477,9474,8157,6360,9487,4836,9438,9439,8147,8149,8145,9996,8282,8280,8281,9375,4979,4977,8678,6385,6384,6383,6382,7892,
174:9883,9882,9889,3834,3835,3836,3830,3831,3832,3833,3819,4140,9887,9885,9884,9881,4128,4127,4126,4125,9895,9892,9893,9899,3827,3826,3825,3824,3823,3821,3829,3828,4139,2153,
745:4608,4607,5673,5674,5677,7498,7499,7497,5804,7504,7505,7502,7503,7526,5708,5709,5705,5706,5707,5728,5729,5726,5727,7500,7501,5680,6018,5089,4619,4618,4617,4616,9411,9412,9413,9414,9417,9418,9419,112112,5711,6657,6040,6041,6046,6047,
818:8840,9502,9503,9501,9506,9507,9504,9505,3683,3682,3681,3680,3687,3686,3685,3684,6252,6251,6250,7025,9901,6901,6900,8376,8377,8372,8371,8378,4004,4005,4006,4007,4020,4021,6220,6244,6245,6246,5398,6260,3679,7707,7708,4013,4012,4011,4016,4015,4014,6899,6898,6044,6857,5326,
857:9525,9192,7238,4784,4780,3935,3934,3930,3933,3932,5475,5472,5512,7541,4989,6079,8256,9843,9842,4931,4932,9181,9189,5602,4897,3926,3927,3928,3940,3943,3945,3967,9314,6587,5946,5943,9216,
851:5844,5843,5842,8198,8199,6713,4439,8171,6374,8175,3925,6132,6131,6136,6137,8202,8170,8172,8142,9609,8673,8672,
406:2303,2302,9779,9778,9775,9774,9776,9771,9773,9772,4788,9733,9732,9735,9734,9737,9736,9739,9738,3620,8944,6689,9308,9021,8644,8643,2118,2119,2112,2113,2114,2115,2116,8257,9064,8745,9744,9745,9746,9747,9740,9741,9742,9743,8761,8760,4794,4793,3610,3619,8127,8125,8124,8107,8447,8443,9296,9299,8639,8742,2121,2120,2122,
743:7565,7569,6056,7639,6096,6592,112112,7570,7577,7579,7578,6048,
747:6710,7861,7860,7695,7696,9341,9342,9344,9345,9346,9347,6988,6987,9005,9004,7804,8411,8410,9705,7701,9340,7859,6567,6990,112112,112113,6994,6991,6993,8462,8408,8409,8407,8999,9050,7002,6992,
731:8057,8056,8055,8059,8058,6333,6338,6318,4083,4690,8064,8060,8061,4791,6909,6910,6911,6912,
555:7660,7663,6256,6255,7282,7284,7908,7909,7903,7904,7906,5786,5793,6574,8456,7565,7360,5685,6055,6054,6056,6053,7652,7654,7655,7656,7657,7658,7889,7888,7883,7882,7885,7884,7887,7886,6780,5600,6091,6090,6096,7911,7910,6704,7283,7280,5796,6569,7900,7901,7902,7579,7653,6048,7477,7898,7899,7896,7897,7894,7895,7890,7279,7641,
733:4595,4598,6210,4606,4604,4605,4602,4603,4600,4601,4596,4597,4594,4599,4083,5690,5689,4690,6205,6206,9185,4791,5692,5693,5691,5694,5695,6671,
732:8548,9949,9384,8545,6312,6372,9639,9368,9369,9366,9367,9364,9365,6531,6539,8470,4162,4161,4160,4083,7588,6868,6867,4690,9067,7955,7950,9267,9080,7264,4289,8629,6309,9641,9640,6547,6546,6545,6542,6343,6344,7312,8615,8610,9371,9370,6526,4159,6675,6670,6877,9076,9077,9079,6856,
735:5845,5844,5843,5842,8198,6713,8119,8171,4083,4690,6132,6136,6137,8202,8172,4529,8142,6341,9609,
734:8058,6314,4083,6865,4690,8175,5854,5855,5853,8064,8062,8063,4791,9937,6132,4522,4525,4524,6341,
737:5612,8332,8331,9900,4590,4591,5783,5579,6929,8454,9008,5743,7614,7615,7616,7611,7612,7613,8433,5168,8531,7870,8446,7534,7533,7532,8334,8421,7594,9051,7608,7600,6701,5158,5157,9015,
6:8017,7458,7459,8070,8985,8986,8665,5120,5122,7587,8783,8784,9695,5319,5312,5311,5310,3711,8765,8764,8767,8766,8763,8762,8769,8768,4280,7918,7941,7943,6958,8759,6974,5294,6345,7315,5138,5136,5133,5117,5118,5308,5309,5303,5304,5305,5307,7413,7415,8758,8755,8756,8757,5327,5325,5322,5320,5321,8770,8771,7926,7924,7922,7920,
853:6451,8057,8056,8055,8059,8058,6333,6338,6314,6318,6374,6865,8064,8062,8063,8060,8061,6909,3925,6910,6911,6912,5529,7276,
738:4291,4292,4414,4590,4591,5783,4532,8454,8458,4518,4516,4514,8472,4146,5167,5168,9698,9699,4100,4287,9763,9766,9764,9765,9700,9703,4201,4266,8446,7534,7533,7532,4347,4346,4093,4095,4094,8421,4304,4114,
502:4577,4578,4579,6950,5762,5763,5761,6953,5192,7592,
202:6811,6810,6813,6812,6814,9385,3629,3628,3627,3626,8570,8571,8572,6822,6823,6824,6825,6827,6828,6829,6808,6809,6747,9396,9398,3638,3639,3636,3637,3634,3635,3632,3633,3630,3631,9896,9897,9781,8567,8569,8568,6831,6830,
402:3915,3919,9730,6689,3878,3877,9308,9728,9729,3922,3920,3924,3929,9299,
753:7668,7667,3689,3688,9947,9948,5806,4882,4883,4884,8637,4726,5033,8359,8350,8354,5783,4450,6331,9671,9672,5579,4866,7869,6351,9009,9008,7581,5103,8259,9047,9045,5161,5162,5163,5167,7638,7636,9060,9066,8218,3698,3699,3690,3691,3692,3693,3694,9577,3844,4441,4442,4443,4444,4445,8103,8366,7684,8619,8262,8338,8677,5738,3843,9051,9056,3700,6701,5092,5093,5094,5095,7478,5159,9015,
752:4764,6254,4726,5794,7712,9655,6574,6351,9362,9363,4986,4310,4311,9847,9846,7959,7889,7888,7880,5600,7956,8877,5795,6954,5796,4562,4561,4985,7890,7891,
751:9527,4723,9540,4725,4724,4726,9537,9657,9658,9660,6351,9348,9659,7795,9539,9538,9511,8348,9663,9662,9661,9782,9783,7538,8638,4152,4153,7593,7629,7894,
757:8527,6258,6257,6080,4726,8632,5790,6351,7003,6663,4308,7269,7443,6973,7286,5791,6956,4563,4565,6986,4307,4309,7609,7607,7606,7604,7603,7602,7601,7271,7274,
468:3581,9772,3593,3592,3591,3590,3597,3596,3603,3601,3600,3607,3606,3605,3604,3609,3608,8644,2118,3594,3580,3583,3585,3588,3589,3582,3584,3586,3587,8639,3595,3599,3598,3579,3578,
755:4764,6256,6255,6254,7281,4726,5794,5793,7712,6575,6351,4310,4311,6668,5685,9847,9846,7883,7882,7885,7884,7887,7886,5795,6954,5796,4562,4561,
754:7281,7284,9452,4726,9537,9536,9535,9534,9440,4144,6575,6351,4143,6668,6667,4124,8576,7881,7764,7760,7761,7762,7283,9140,5796,4836,9438,9439,7892,
759:6258,6257,4726,6351,6663,4308,7670,7671,7764,7760,7762,7703,4307,4309,7607,
758:9528,9529,9527,4723,4726,9531,9530,6351,9343,9348,9532,9140,9782,9783,9315,9290,7538,9292,4152,4153,7593,7629,7894,
142:9383,9389,8530,9982,9980,8454,8453,8452,5700,8080,8419,8418,4312,4313,4314,4315,4316,8646,8645,9586,9587,9589,9590,5168,4100,8577,7402,9265,7441,7442,9971,9970,9979,9978,8362,5527,8448,4093,4095,4094,4099,9585,9588,4303,4306,4305,4304,8658,
98:8014,8880,7291,4845,8374,8373,9349,3855,3715,3714,3717,3716,3713,3719,3718,6764,6760,9951,9352,9357,9358,4991,7311,9351,9350,3720,3721,3722,9689,9688,9681,9682,9687,9686,8822,
169:3533,9569,8908,8905,8904,8907,8906,8901,8903,8902,8394,8393,3534,8414,9247,8912,8911,8363,8365,8364,8367,8382,2149,
8:9757,9756,9755,9754,9753,9759,9758,6759,9568,9718,9717,9716,9715,9714,4418,7103,5598,9341,9342,9344,9345,9346,9347,5474,8458,5491,5492,3498,3499,8411,8410,6862,9599,9597,6605,9249,9762,9763,9760,9761,9766,9767,9764,9765,9704,9705,9340,7859,7056,7057,7054,7055,5469,8462,8409,4093,4095,4094,4304,6851,
91:9902,9903,5591,5592,4270,9402,9401,9400,6968,9619,6646,8648,9599,4107,4106,3560,6010,3528,3529,6723,4269,6724,4037,5445,5508,5293,5486,5735,5736,3966,3559,6613,6610,
93:3740,4626,4627,4628,4629,6411,3645,8925,8923,8922,8921,8920,4844,6528,6497,6496,6499,6498,8398,8940,8947,8479,8478,7790,9020,6869,7619,3739,3738,3737,3736,3735,3734,3733,3732,3731,3730,9269,9268,8007,7264,7263,6785,6786,6789,7445,7444,7446,4633,4632,4631,4630,4634,5662,5661,5664,7978,8936,8937,8938,8939,8916,8917,8914,8915,8918,8919,6930,8956,8957,8954,8952,8953,8951,8958,4176,4177,4178,9270,7789,7786,7787,8611,8610,7596,8606,4302,3728,3729,3724,3725,3726,3727,6873,6872,6870,8480,8481,8485,8486,8487,8488,
92:9522,9523,7664,9524,9520,9521,9500,9560,9561,9562,9563,9564,9565,7962,8318,8319,8355,3975,6949,6948,8397,6578,6579,7849,6510,6512,4981,4980,7793,5720,9582,8435,5972,5971,4691,9202,3565,4909,4908,4901,4903,4904,9866,8851,8850,9515,9517,9516,9519,9518,8879,8878,4899,4896,4895,9498,9499,9494,4907,7917,3611,3617,6971,7853,7850,7851,7854,7855,7991,4902,7034,7038,7788,9379,9374,8671,8676,8675,8674,4910,4911,8327,8320,7647,7646,7648,
95:8862,7104,7105,7713,9650,9647,9646,7265,7262,9649,9648,
94:6790,8017,7458,7459,3741,7777,7776,7775,7774,7773,7772,7771,7779,7778,2304,6902,8379,8940,8947,6518,6515,6516,6517,8608,8609,8985,8986,4167,4169,4168,7584,6868,6867,8781,8780,8785,5688,3732,7383,5318,5313,5317,5315,7264,4280,8066,8067,8065,7978,8936,8937,8938,8939,9310,6345,4174,4175,4170,4171,4172,4173,7314,7786,7785,7780,7781,8611,8610,5133,8424,8422,7597,7596,4302,7413,8778,8779,8772,8773,8776,8777,8774,8775,8482,8483,8484,
96:7454,7455,7452,7453,7949,7679,9454,9456,9457,9453,8318,8319,9138,4937,8682,9458,9459,6578,6579,6510,7045,7044,7047,7046,7041,7040,7043,7042,7049,7363,7797,5720,6641,6642,5972,5971,9202,7953,7951,7678,7676,7677,7674,7675,3923,7917,9455,7945,7947,6970,7852,7856,7685,7683,7682,7681,7680,7050,7051,6502,8460,8461,7313,7031,7034,7038,7039,7372,7371,7377,7376,7375,7374,8671,6582,6585,7032,7033,
11:8526,8509,8508,4784,4781,4780,3935,3934,3930,3933,3932,3979,7698,5477,5479,7541,6166,7799,8668,4940,8256,8510,9843,8219,8507,9245,9187,8515,6405,6408,4796,4897,3926,3927,3928,3943,5563,3967,9668,3980,9314,6069,9231,9232,8220,4117,4118,9213,9216,7254,7255,7253,7259,6854,
10:6797,6799,9255,6905,6759,9568,5802,7961,7964,6088,4045,4040,4041,8926,7103,7108,7109,5598,7929,7737,7735,4068,4069,7129,6311,5555,5554,5557,5556,5551,5550,5553,5552,5559,5558,4800,4801,4802,4803,4804,4805,4806,4807,4808,4809,8392,4025,3994,5459,5451,5453,5457,5533,5532,5531,5530,5536,5535,5534,4828,4829,4825,7328,7060,9244,5474,5518,5511,5513,5515,5514,5516,5285,5284,5494,5491,5932,5930,4082,6648,5123,7589,6072,6078,7340,5745,6862,8434,8517,9042,7427,7426,7425,7424,7423,7428,6604,6605,5953,5954,5957,7400,8551,8555,6800,5993,4810,6763,7957,5250,5251,5238,5646,5007,4826,4827,4057,4056,4055,4054,4053,4052,4058,5560,5561,7930,7937,7939,3962,3961,7130,5548,5549,5546,5547,5544,5545,7094,7092,7093,7098,3984,3983,5520,5521,5522,5523,5524,5525,5528,5529,4831,4833,4832,4813,4812,4811,4817,4816,4815,4814,4818,7070,9331,5449,5448,5446,5444,5509,5507,5504,5505,5503,6565,6566,6174,4830,4835,4834,7058,7059,7053,7056,7057,7054,7055,6697,5461,5469,6509,5924,5925,5927,5489,5488,5483,8260,8261,7010,7590,6678,5116,4112,5944,5942,5778,7412,7416,7417,7418,7419,6618,5177,8801,7395,6630,7277,
13:4849,6530,7948,5385,4850,6529,5593,6528,8961,6372,7840,5608,6983,6982,6981,6980,3798,3797,5124,6866,5687,5686,5681,5682,4690,4697,4699,4698,5952,6038,4710,4711,4712,4679,5146,5147,5144,5142,5143,7950,4683,5620,5605,5604,5607,5606,5603,4791,4696,5586,5587,5584,5585,5582,5583,5580,5581,5588,6700,6703,7946,6482,8954,8952,8953,5420,6976,6977,6979,6699,6343,7312,6527,5905,5347,4686,4687,4684,4685,4682,4680,4681,4688,4689,9076,9079,6850,5328,4707,4706,4705,4704,4703,4702,4701,4700,4709,4708,7927,
12:9525,8526,9192,7238,4768,6089,4782,3978,9304,9302,9303,7698,7699,7987,5475,5472,5512,4989,6393,6079,4941,8512,8511,6602,9842,9313,4931,4932,7267,7260,8507,9187,9181,5602,6409,4797,3940,9667,6587,9295,9297,9294,5482,6069,8221,8222,8228,4117,4118,5946,5943,7258,6854,
15:4749,4748,4747,4746,4745,6238,8509,8508,4769,6332,7699,7541,7799,8668,4940,8510,6601,6590,8232,8231,8230,6598,9313,7267,7260,9224,9222,9221,9220,4758,4753,4754,4755,4756,4757,9189,8515,4770,6240,6241,4798,4795,6280,5563,6322,8233,4939,8223,8224,8225,8226,8227,8229,7256,7258,7259,
14:8522,8521,8520,4743,4742,4741,4740,4744,6456,9773,9772,8509,8508,4785,8395,8944,4824,4821,9308,7794,7796,8668,7800,7803,8644,7618,8510,9869,9868,4737,4739,9747,6787,6788,8516,8514,8515,8513,8518,8519,9950,9393,4794,4793,4820,7935,2124,2126,7872,7873,4819,8443,7997,9293,9291,9603,9602,4994,9601,9600,9604,2123,2125,2127,7256,9870,
17:4608,4609,4607,5673,5674,5675,5676,5677,5678,5679,5384,5385,5389,5804,9921,4789,5594,7733,5431,5183,5181,5184,5450,5452,7846,7307,7305,7823,7822,7821,7820,7827,7826,7825,7824,7308,6669,6666,5680,2306,5087,4619,4618,4611,4610,4613,4612,4615,4614,4617,4616,5393,5392,5391,5390,5395,4790,5835,5218,7705,7700,5421,9412,9413,5464,7816,7817,7814,7818,7819,8670,6657,6656,6655,7306,5111,5113,5118,5086,
16:9259,9172,4655,4654,4657,4656,4651,4650,4653,4652,4659,4658,5629,5628,5627,5626,5624,9180,9179,5641,5640,5643,4666,4661,4662,4663,4664,4665,4667,4660,4648,4649,5638,5634,5635,5636,5637,5630,5631,5632,5633,
861:2302,9946,4727,9488,9731,9733,9732,9735,9734,9737,9739,9738,9138,2118,2112,2113,2114,2115,2116,8745,9744,9745,9740,9741,9742,9743,8761,8760,9182,9188,8879,4907,9931,9934,4916,4917,8950,9487,7338,4979,3868,8742,8321,
18:4595,4598,6210,9255,8038,4606,4604,4605,4602,4603,4600,4601,7027,6278,4596,4597,4594,4599,4841,5516,6980,5690,8649,5689,5684,5768,5766,5765,6597,6205,6206,6703,5797,6483,8360,6976,6977,6979,5299,9355,6509,6503,5907,9605,9607,9606,5692,5693,5691,5694,5695,5750,5757,5754,6677,6676,6671,6678,9077,7414,5178,6005,
88:5612,8332,8333,8331,6929,5519,5743,7614,7615,7616,7611,7612,7613,8433,5371,6201,7447,7870,8334,5904,8421,7595,7594,7608,7600,5158,
724:6731,6739,4060,4061,6317,9888,3818,9886,8431,8432,9593,9592,9840,4108,8578,8813,8812,7487,7486,9894,9890,9891,9898,3822,3820,7999,6996,8429,6875,5179,8003,
725:7180,7181,6771,7140,7141,6732,6733,6738,6084,6083,5820,5823,5824,4060,7120,7692,6075,5818,5819,5811,5812,5813,5814,7174,7173,7172,7179,7178,7113,7117,7116,7115,7114,7119,7118,7139,7138,7137,7136,6875,6874,
816:7210,7211,7212,7213,7214,7215,8840,5803,6277,6484,8581,8582,6555,6495,6961,6960,6643,6394,6395,7233,8438,6844,6845,7224,7228,7268,6781,6782,7209,7208,7203,7202,7225,7226,7969,6402,6403,6268,6269,6918,8655,7621,7620,6835,6834,
721:4720,6731,6739,8131,8133,4060,4061,6317,3836,3831,3832,3833,4140,4128,4127,4126,4125,9594,4718,4719,8813,8812,8002,9397,7487,7486,5024,3827,3826,3825,3829,3828,6996,8427,4139,6875,
817:8840,8523,9569,8908,8905,8904,8907,8906,8903,8902,8394,8393,8414,9598,9247,9573,9572,9571,9570,9575,9574,8912,8911,8976,6135,8363,8365,8364,8382,9356,
151:3519,3513,3511,3517,3515,5848,9250,9966,5078,3917,3916,3939,3968,3969,3971,3970,3973,3972,7585,9984,9983,9980,9616,8642,7798,7009,8645,9849,4909,4908,9861,9860,9863,9862,9864,9265,5854,3523,3521,7440,8851,8850,9977,9979,9978,8879,8878,3909,4895,9934,6915,3941,4916,9614,9615,9612,9613,9621,9620,7338,4993,9379,8658,9850,9851,9852,9858,9859,3553,3552,5776,4910,4911,3887,4646,4647,
741:9254,9252,9253,9548,9546,9547,9545,8587,4988,4086,4147,8575,9632,9633,9551,8624,9666,112112,8679,
153:3519,3513,3511,3517,3515,7664,5615,9946,3939,3938,3937,7736,3971,3973,3972,5458,9616,9308,4163,8430,8436,9595,9861,9860,3524,3523,3521,3921,3941,3610,3618,7709,8361,9614,9615,9612,9613,6970,8383,9621,9620,9293,9296,9299,4993,8013,4158,8428,9852,9853,9858,9859,6582,6585,4646,7646,
880:4728,6412,6120,6122,4391,4392,4393,4829,6119,
744:7450,7451,6908,9380,9381,9382,4457,7867,7866,7864,7862,5454,6513,8454,7447,7448,4286,4287,6933,4266,4267,8444,8446,112112,9378,9377,8421,7599,7594,5751,6871,
154:8012,8011,9508,9509,6252,6251,6250,3956,3955,8357,8376,8377,8378,4004,4005,4006,4007,7087,4022,6399,6888,6889,7205,7204,9510,6246,5398,6260,7707,8344,4013,4017,4016,4015,4014,3981,3982,6891,6894,7625,7624,
746:7450,7451,9380,4783,8336,8337,8335,4840,4457,7867,5454,6921,8454,6989,4945,4946,7447,7448,4286,4287,4266,4267,8596,8444,8446,4837,112112,4348,4156,8421,7599,7594,5751,
884:8015,7668,7667,9947,9948,9900,4450,6331,9008,7581,5161,5162,5163,5167,7638,7636,9066,9577,9578,7979,4441,4442,4443,4444,4445,8103,8366,7684,7534,7532,9056,7478,
159:9254,9252,9253,9548,9546,9547,9545,9537,9536,9535,9534,9533,9440,8585,8587,4988,4086,4147,8575,8679,
158:3533,8523,8524,9566,8351,3535,3534,2150,8477,9190,8439,9573,9575,9574,8892,8891,8890,8349,6135,8367,9353,9356,9354,8425,
888:9388,4417,4592,4456,6988,6987,6985,8981,5493,7804,4317,4318,4319,5742,4102,8577,5231,5237,4383,6567,8468,5487,5481,4303,7432,7433,7002,
83:4196,4197,4195,9102,6916,9155,6275,6276,6470,9105,9234,9235,6262,6263,6468,6469,6466,6467,6917,9104,9103,9100,9101,9233,9316,9098,9099,9096,9097,
152:6459,9946,3939,3938,3937,2130,2131,2132,2133,9849,2134,2135,9614,4993,2129,2128,9850,9851,
756:8868,8869,4726,8352,8353,7868,9638,9637,6351,4089,7610,9693,5600,9635,9636,8870,8875,8874,8877,8876,4091,
48:6217,6216,6215,6214,6213,6212,6211,6718,6717,6963,6962,6964,6966,7569,4129,4338,4339,4337,7650,6705,6965,6967,4345,4344,4343,4342,4341,4340,7570,6674,6858,6702,6706,7649,
49:6219,6185,6183,8130,5000,4336,4334,4335,4332,4333,4331,6222,6223,6221,6226,6224,6225,5066,5068,9338,8128,8126,8122,8120,9336,6381,6026,
46:6533,5807,5806,5019,5579,7324,7325,7326,7327,7322,7323,5519,6985,6538,7368,7364,7365,7366,7367,7806,6882,5376,5165,5168,6200,6202,6203,6197,6198,6199,8105,8104,8100,8102,6159,8099,8098,5082,
47:4595,4598,6210,4606,4604,4605,4602,4603,4600,4601,4596,4597,4594,4599,9677,9678,9679,6373,5690,5689,6205,6206,6208,5990,5526,5692,5693,5691,5694,5695,6671,9680,
44:6239,9171,9170,9102,6916,9155,6275,6274,6276,6161,6160,6163,6162,6165,6164,9105,4373,9089,9088,9087,6264,6262,6263,8309,8310,8311,6917,9104,9103,9101,9316,9096,9097,9090,9091,9092,9093,
45:6187,6186,6185,6183,6182,6181,6180,6189,6188,5072,6928,6924,6927,8117,6923,6922,6925,6926,6169,6168,4358,4359,4354,4355,4356,4357,4350,4351,4352,4353,4372,4370,4371,4374,8272,8271,8270,5872,5873,5874,5875,6194,6195,6196,6190,6192,6193,5063,8625,6934,8122,8120,6150,6151,6155,9339,6178,6179,6176,6177,6175,6172,6170,6171,9480,8141,8140,4349,8269,5902,5900,4365,4364,4367,4366,4361,4360,4363,4362,4369,4368,8823,7645,
42:8138,8134,8132,8117,6143,6147,6146,6145,6144,6149,6148,4378,4379,4376,4377,4375,5141,5872,5069,6142,6150,6151,4382,4381,4380,9337,8141,8140,5902,
43:7180,7181,7182,7183,7184,6771,7232,7148,7144,7145,7147,5222,5220,4045,4049,7106,7108,7109,5413,4000,6556,7089,6920,7066,5478,5490,6535,8298,6648,7234,6884,7583,3857,6072,6604,6606,7195,7194,6767,5812,5813,5814,5815,7223,6249,7152,7151,6267,7174,7177,7173,7172,7115,7114,7131,7095,7090,7098,7099,6156,6158,7074,7075,7076,7073,6697,5921,5922,5488,5486,3489,3845,5945,5948,
40:6796,6795,8842,8843,7021,6731,6732,6733,6734,6738,6739,5012,5013,5014,5015,5016,5017,9903,5036,9135,4842,3954,4062,4063,4060,4061,4064,6313,6317,6319,7692,9402,9401,9400,8623,6534,6535,8298,7022,6646,3858,5973,6603,6608,6609,6629,6492,9260,8006,8022,8021,8026,8024,6767,7223,6741,7485,7484,7481,7483,7482,9141,6267,6723,5002,6737,4073,6320,6724,5508,6996,5735,8799,6875,6874,5771,6613,6611,6610,8802,6581,6639,6638,6631,6633,
41:5844,5843,5842,6451,8198,8057,8056,8055,8059,8058,7287,6712,6713,6711,6333,6338,8119,6314,6318,8171,6865,8175,8064,8062,8063,8060,8061,6909,6910,6911,6912,6132,6131,6136,6137,8202,8170,8172,8142,8673,8672,7276,
1:8019,7456,7457,8848,8849,8842,8843,8844,8845,8846,8847,7669,5058,5059,5054,5057,5051,5052,8866,8867,8864,8865,8863,5078,5079,5072,5073,5070,5071,5076,5077,5074,5075,7021,6731,6739,5010,5011,5014,5015,5016,5017,5018,8075,5039,5036,5037,5034,5035,5030,4842,3954,6554,8829,6687,8450,7022,8278,8277,8276,8275,8274,8273,8817,8816,8815,8814,8813,8812,8811,8810,8819,8818,8839,8838,8835,8834,8837,8836,8831,8830,8833,8832,5999,8852,5049,5048,5045,5044,5043,5042,5041,5040,6745,6742,5065,5064,5067,5066,5061,5060,5063,5062,5069,7487,7486,7480,9141,5002,5001,5004,5009,5008,5029,5028,5023,5022,5024,5027,6931,6133,7876,7877,7878,5427,7830,4995,4990,6507,8268,8264,8265,8266,8267,7370,8799,5112,5773,7251,6855,8804,8805,8806,8807,8800,8802,8808,8809,7479,6639,6638,8820,8821,8826,8827,8824,8825,8828,5026,
5:2309,6773,5265,5263,5262,5261,5260,8051,5245,5244,5241,5243,5242,7294,7295,7297,8963,8962,8967,8966,8965,8964,8984,8980,6537,9004,9001,9000,9009,9008,6486,6071,8645,9045,6849,6841,9066,7407,5257,5047,6242,5252,5253,5256,5254,5255,5258,5259,5234,5235,5236,5237,5502,6564,6691,8992,8993,8991,8996,8994,8995,9014,9017,9013,9018,9019,9030,5738,7432,5941,6837,9012,
9:5984,2309,5054,5053,8034,8031,8030,8033,8528,6752,6750,8053,8052,8051,4761,4760,4763,4762,5227,5225,4043,5591,5590,5592,5415,5417,5410,5418,5571,5433,5430,5436,5437,5434,5435,5438,5439,4271,4270,4028,4029,3999,3998,9618,5281,8474,8476,8471,8664,4081,8648,6849,4106,6010,5999,4759,5279,5601,5047,8048,8049,4773,5810,5252,5250,5254,6400,5394,5399,5832,5001,5004,5589,4071,4070,5403,5402,5401,5400,5409,5408,4269,6133,6130,6487,8054,5429,5425,5424,5427,6978,4033,4035,4036,9335,5442,5441,5440,8442,5293,7830,4990,8467,8469,7573,4157,5756,4116,4113,6616,6007,5099,
85:9533,9653,9651,9655,7868,9638,9637,9361,4983,4982,4089,7610,4124,9693,8579,5600,9634,9635,9636,8875,8874,8877,8876,8597,9645,9623,9626,9625,9624,4984,
201:6819,6818,6815,6817,6816,9386,9387,3641,3640,3816,3817,6820,6822,6823,6824,6825,6827,6828,6829,9263,9262,9261,9264,4934,6806,6807,6804,6805,6802,6803,6801,9392,9391,9390,4155,3960,8566,8565,8564,8563,8562,8561,8560,8556,8557,6831,6830,8558,8559,
797:8012,8011,3683,3682,3681,3680,3687,3686,3685,3684,8537,9901,8357,7087,6399,6888,6889,5398,3679,7707,8344,4013,4014,6891,6894,
892:9560,9562,9564,3971,3973,3972,3975,3976,7793,9595,4901,4903,9866,3921,9621,9620,4646,7647,7648,
145:2309,8840,8841,7666,9962,8051,5245,5244,5241,5243,5242,5229,5224,6339,6311,8969,8968,8963,8962,8960,8967,8966,8965,8964,6140,7065,7064,7063,7062,7061,6537,5935,5934,5933,5121,5742,5744,8045,6849,7466,7672,5047,8046,8047,5817,5240,5239,5230,6721,8978,8979,8970,8971,8972,8973,8974,8975,8976,8977,7074,7075,7076,7072,7073,6972,9030,9031,5116,5947,5945,
771:6905,7928,7929,5553,4800,4801,4806,4807,7340,5520,5521,5522,5523,5524,5525,8283,5324,7926,
770:5847,5846,5845,5844,5843,5842,5848,8198,8199,9940,8057,8056,8055,8059,8058,6713,6333,6338,6314,6318,8171,7586,6865,8064,8062,8063,8060,8061,6909,6910,6911,6912,7933,6136,6137,4526,8202,8170,8172,4529,4528,4527,8142,9609,7926,
773:8523,9569,8908,8905,8904,8907,8906,8902,8394,8393,8414,9598,9247,9573,9572,9571,9570,9575,9574,9916,8912,8911,6135,8363,8365,8364,8382,9356,
833:9251,4000,
837:7148,7144,7145,7147,7140,7141,6732,5222,5220,3994,6077,6075,5811,5815,7152,7151,7113,7139,7133,7132,7135,7134,7092,5821,
779:9258,9108,9107,6109,6108,6103,6102,6100,9119,9118,9111,9110,9112,9115,9114,9117,9113,9116,6551,7369,8704,9120,9121,9122,9123,9124,9125,9126,9127,6284,6285,6286,6282,6283,9109,9311,6562,9272,9132,9134,6287,6586,
778:9258,9108,9107,9131,6109,6103,6102,6101,9119,9118,9111,9110,9115,9114,9117,9113,9116,6551,5282,7369,9086,9085,8704,5642,9120,9121,9122,9123,9124,9125,9126,9127,9128,6288,6284,6285,6286,6282,6283,9109,9311,6562,9272,9132,9129,6287,6281,6586,9130,
77:6250,6901,6900,3956,3955,6552,6553,7081,7080,7083,7082,7085,7084,7086,4023,6398,6399,6396,6397,6955,6600,7207,7206,7205,7204,6246,3981,3982,7078,7079,7077,8631,6068,6895,6897,6896,6899,6898,5753,7625,7624,5326,
76:7218,7219,7210,7211,7212,7213,7214,7215,7216,7217,6774,6775,5803,7106,7107,6335,4023,5476,6536,9309,6643,6394,6395,7234,7233,7231,7582,5916,5910,5913,6736,6842,4105,7221,7220,7224,7229,7228,8009,5850,5852,6781,6782,7198,7193,7192,7191,7195,7194,7209,7208,7203,7202,7201,7200,7222,7225,7226,6402,6403,3981,3982,6696,5921,5909,7627,9875,
75:5841,8198,9943,9941,5384,5386,8057,8056,8055,8059,8058,3917,8330,3951,3950,6333,6338,8119,6314,6318,9984,9982,9983,9980,4519,3875,3876,8081,6865,8175,9977,9979,9978,8064,8062,8063,8060,8061,6909,6910,6911,6912,3949,3944,8329,8328,7968,6132,6136,6137,4520,9611,8170,9622,8142,9998,8673,8672,
74:4720,8129,8131,8133,9888,3818,2152,3852,3853,3850,3851,9886,8431,8432,9594,9593,9592,4108,8578,4718,4719,8002,9397,9894,9890,9891,9898,3822,3820,8427,8429,8003,
73:5985,5848,6219,8712,8714,6185,6231,6756,5800,5651,4419,9156,9483,9484,5591,5592,5599,9677,8118,7717,4470,5433,5434,4273,4270,4277,4276,4275,4274,4279,4278,7863,6378,6379,6370,6371,6372,6374,6375,6376,6377,7693,6140,8114,8115,7067,9618,5470,5283,8985,8986,3795,5498,8471,3495,5722,5721,6392,6390,6391,9195,7586,4559,5741,5742,5744,5745,5681,5682,9041,9040,4336,4335,6034,9065,5316,7406,7403,7950,9084,7673,8501,8503,8502,5991,5992,9241,4282,4280,4281,6221,4773,8162,7742,7743,7740,7741,4429,4422,4420,6592,6700,8150,4469,8978,8979,8975,8976,8977,5408,5894,6136,8108,6308,6307,5429,5428,6976,6977,8166,8164,8169,8168,4035,4037,4036,6369,6368,6367,6366,6995,8143,8144,8146,7053,8148,6699,6695,8467,8469,7396,5486,7578,4560,9039,6387,6386,6381,6380,6383,6382,6389,6388,3966,7598,5757,5758,9079,6850,6007,7397,7273,
72:5988,5989,5986,5987,4624,8841,8718,4295,4294,4293,9191,5267,5264,6756,8506,5593,6296,7734,5788,6339,9678,5410,5412,6105,8112,7715,7716,5430,5552,5881,4028,4029,5407,6149,6148,7067,8158,6356,6357,6354,6355,6352,6353,6350,6351,6358,6359,6514,6983,6982,6981,6980,3796,8474,8476,4376,4375,7583,5684,5687,5686,9049,9048,5764,4107,4106,4484,4483,7408,8175,6010,6015,7460,5853,8505,8504,8187,8186,4283,4284,4285,9186,5667,7767,7768,6748,5240,5239,6096,4428,4423,4426,4427,4424,4425,7175,8152,8972,8973,8974,5403,5402,5401,5409,4269,5893,6132,9478,9479,7096,6301,6302,5423,6150,8160,6979,4033,6363,6362,6361,6360,6365,6364,9335,5445,7905,7907,6698,6341,6340,6343,6342,6345,6344,6346,6349,6348,4996,4999,5466,7391,7390,8113,7314,7312,5716,5715,7579,9036,9037,9038,4130,9057,6673,9076,5779,5778,7413,8803,
71:9527,4723,9540,4725,4724,9533,9531,9440,9653,9651,9656,9657,9655,9658,8580,9660,9348,9659,7795,4124,9848,9539,9532,9512,8348,9661,9782,9783,8369,9290,7538,9292,8638,4152,4153,7593,7629,7894,
70:6458,8860,5657,9139,4453,6334,4024,3995,3993,9986,9985,5470,6537,5747,4943,4942,7469,7468,7462,5999,8859,8858,8853,8857,8856,8855,8854,9976,9974,9973,9972,5816,6975,6494,5645,3615,3616,6913,6347,6348,6503,6500,5906,7470,7471,7472,7473,7474,9136,
79:9259,6430,9176,9172,6419,6418,6415,6414,6417,6416,6413,6412,4239,4238,4237,4236,6336,6125,6128,4259,4258,4251,4250,4253,4252,4255,4254,4257,4256,4579,6951,5761,5625,6424,6425,6426,6427,6420,6421,6422,6423,6428,6429,7957,6110,4260,4261,4262,4263,4264,4265,4248,4249,4246,4247,4244,4245,4242,4243,4240,4241,4386,5193,5634,
78:9199,8508,6089,8680,3625,9305,9301,6943,6942,6947,6946,6945,6944,7699,7985,7986,8457,8459,4141,4941,8251,8250,8252,8512,8511,6602,8237,8236,4735,5859,4776,4777,4774,4775,4772,4771,4778,4779,6406,6407,5830,7981,8234,7982,6138,6561,6560,7993,7992,6064,6069,8248,8249,8243,4118,6854,
834:9251,6750,6864,
157:3537,3536,3538,9566,9567,8883,3647,3646,8901,4009,3539,2151,3859,3544,3540,3541,3542,3543,3548,3549,4678,8896,8895,8894,8893,4839,4838,3863,3557,3556,3555,3554,3550,
803:2035,2039,2038,5598,6862,2037,2036,
802:7218,7219,7210,7211,7212,7213,7214,7215,7216,7217,6774,6775,5803,3956,3955,6335,4026,4027,5478,7540,5490,5936,6643,6394,6395,5127,7233,5916,5913,6862,7221,7220,7224,7229,7228,6781,6782,7209,7208,7203,7202,7222,7225,7226,6402,6403,7097,7099,3982,7874,9990,5753,7624,
801:8883,4009,8477,6862,8439,9598,4678,9573,9575,9574,8896,8895,8894,8893,8892,8891,8890,8367,4839,4838,8425,6851,
807:8523,9569,5598,8908,8905,8904,8907,8906,8903,8902,8394,8393,3535,5474,8414,6862,9598,9247,9573,9572,9571,9570,9575,9574,8912,8911,6135,8363,8365,8364,8382,9356,
805:9502,9503,9501,9506,9507,9504,9505,6252,6251,6250,7025,9901,6901,6900,8376,8377,8372,8371,8378,4004,4005,4006,4007,4020,4021,6862,6220,6244,6245,5398,6260,7707,7708,4013,4012,4011,4016,4015,4014,9990,6899,6898,6044,6857,6851,5326,
804:8549,8012,8011,8010,8544,8357,8583,6553,7083,7085,7084,7026,6398,6397,6886,6887,6885,6888,6889,6955,3859,6862,6600,7266,8020,8346,8345,8344,7078,7079,7077,8631,3863,3866,3865,6068,6891,6890,6893,6895,6894,6897,8607,7252,
